,City,Humidity,Cloudiness,Max Temp,Lat,Lng,Hotel Name
0,Busselton,81,58,57.99,-33.65,115.33,
1,Mataura,87,80,46.89,-46.19,168.86,
2,Thompson,87,90,55.4,55.74,-97.86,
4,Vaini,94,75,77.0,-21.2,-175.2,
5,Mahon,94,0,69.8,39.89,4.27,
6,Alyangula,48,0,82.4,-13.85,136.42,
7,Impfondo,93,100,72.28,1.64,18.07,
9,Harper,82,61,75.78,4.38,-7.72,
11,Acapulco,79,75,84.2,16.86,-99.89,
12,Airai,64,98,70.32,-8.93,125.41,
13,Kavaratti,80,100,83.98,10.57,72.64,
14,Muroto,74,75,78.8,33.28,134.15,
15,Codroipo,89,64,71.01,45.96,12.98,
16,Puerto Ayora,92,51,69.01,-0.74,-90.35,
17,Bluff,79,95,48.27,-46.6,168.33,
18,Rikitea,59,20,68.41,-23.12,-134.97,
19,Avarua,69,0,75.2,-21.21,-159.78,
20,Sangar,35,89,84.0,63.92,127.47,
21,Illapel,65,100,55.69,-31.63,-71.17,
22,Komsomolskiy,30,0,69.8,40.43,71.72,
23,Tiksi,58,97,45.43,71.69,128.87,
24,Banjar,100,75,78.8,-8.19,114.97,
25,Saint-Francois,82,90,61.0,46.42,3.91,
26,Batemans Bay,61,66,61.0,-35.72,150.18,
27,Atasu,49,65,68.52,48.68,71.64,
28,Faanui,76,100,76.05,-16.48,-151.75,
29,Cap Malheureux,87,17,69.01,-19.98,57.61,
30,Kapaa,69,1,82.4,22.08,-159.32,
31,Cape Town,93,75,57.99,-33.93,18.42,
32,Qaanaaq,67,0,40.8,77.48,-69.36,
33,Dikson,98,99,43.56,73.51,80.55,
34,Angoche,89,3,71.17,-16.23,39.91,
35,Gamba,88,0,70.29,-2.65,10.0,
36,Butaritari,71,80,83.41,3.07,172.79,
37,Chokurdakh,51,100,59.95,70.63,147.92,
38,Port-Gentil,81,100,73.44,-0.72,8.78,
40,Hermanus,74,62,54.72,-34.42,19.23,
41,Jiayuguan,22,0,79.92,39.82,98.3,
44,Luderitz,50,0,58.26,-26.65,15.16,
45,Saint-Philippe,68,29,68.0,-21.36,55.77,
48,Tuktoyaktuk,81,20,48.2,69.45,-133.04,
49,Bathsheba,83,20,80.6,13.22,-59.52,
50,Lebu,89,67,51.28,-37.62,-73.65,
51,Port Alfred,62,14,59.0,-33.59,26.89,
52,New Norfolk,86,8,53.01,-42.78,147.06,
53,Yellowknife,35,20,69.8,62.46,-114.35,
54,Lewistown,78,1,71.6,40.6,-77.57,
55,Narsaq,75,77,44.6,60.92,-46.05,
56,Shilka,75,100,67.24,51.85,116.03,
57,Carnarvon,78,75,71.6,-24.87,113.63,
58,Lagoa,95,0,66.94,39.05,-27.98,
59,Albany,92,0,66.99,42.6,-73.97,
60,Yatou,81,100,69.13,37.15,122.38,
61,Mar Del Plata,100,40,48.99,-38.0,-57.56,
62,Tromso,87,75,44.6,69.65,18.96,
63,Joshimath,54,99,69.08,30.57,79.57,
65,Talnakh,46,34,78.58,69.49,88.4,
67,Lavrentiya,72,58,41.95,65.58,-171.0,
68,Puerto Baquerizo Moreno,85,87,70.27,-0.9,-89.6,
69,Nakamura,59,100,82.4,32.98,132.93,
70,Whakatane,72,3,62.01,-37.96,176.99,
71,Brae,100,98,53.6,60.4,-1.35,
72,Tilichiki,57,100,57.63,60.47,166.1,
74,Tasiilaq,93,100,41.0,65.61,-37.64,
75,Souillac,87,6,69.01,-20.52,57.52,
76,Hobart,66,20,55.4,-42.88,147.33,
77,Innisfail,89,99,66.0,-17.53,146.03,
78,Puerto Suarez,94,41,60.76,-18.95,-57.8,
79,Nikolskoye,62,0,57.99,59.7,30.79,
80,Sohag,27,0,77.0,26.56,31.69,
81,Iberia,94,40,82.4,29.95,-91.75,
82,Haines Junction,41,67,58.84,60.75,-137.51,
83,Richards Bay,68,29,60.17,-28.78,32.04,
84,Tezu,76,86,78.46,27.92,96.17,
86,Verkhnyaya Balkariya,48,0,64.4,43.13,43.46,
87,Grobina,100,90,64.4,56.54,21.17,
88,Bredasdorp,76,6,55.4,-34.53,20.04,
89,Mana,86,97,77.34,5.66,-53.78,
90,Castro,93,43,49.82,-24.79,-50.01,
91,Roma,77,40,69.8,43.21,-75.46,
92,Jamestown,82,1,66.2,42.1,-79.24,
94,Klaksvik,82,64,55.4,62.23,-6.59,
95,Dubbo,58,0,59.0,-32.25,148.62,
96,Chuy,86,33,46.08,-33.7,-53.46,
97,Avera,74,1,80.6,33.19,-82.53,
98,Margate,76,45,57.99,51.38,1.39,
99,Hilo,57,90,80.6,19.73,-155.09,
100,Nabire,85,99,81.16,-3.37,135.48,
101,Kodiak,87,90,51.8,57.79,-152.41,
102,Cidreira,66,0,55.62,-30.18,-50.21,
103,Coquimbo,82,100,55.4,-29.95,-71.34,
104,Bengkulu,67,0,84.7,-3.8,102.27,
106,Port Lincoln,46,0,57.51,-34.73,135.87,
107,Faya,26,100,73.4,18.39,42.45,
108,Hithadhoo,70,10,84.65,-0.6,73.08,
109,Ridgecrest,12,1,82.4,35.62,-117.67,
110,Nador,64,0,71.6,35.17,-2.93,
111,Lata,95,47,64.99,40.16,-8.33,
112,Palmer,100,75,69.01,42.16,-72.33,
114,Chiredzi,75,11,53.91,-21.05,31.67,
115,Myaundzha,60,77,63.72,63.05,147.19,
116,Ancud,100,90,46.0,-41.87,-73.82,
118,Longyearbyen,73,75,41.0,78.22,15.64,
119,Hede,90,92,77.58,33.77,120.25,
120,Oussouye,94,40,78.8,12.48,-16.55,
121,Vardo,81,75,42.8,70.37,31.11,
122,High Rock,70,56,82.96,26.62,-78.28,
123,Isangel,68,68,73.38,-19.55,169.27,
124,Salalah,83,90,84.2,17.02,54.09,
125,Bethel,100,1,68.0,41.37,-73.41,
126,Mount Isa,26,0,78.8,-20.73,139.5,
127,Hualmay,83,70,61.81,-11.1,-77.61,
128,Nome,87,90,46.99,64.5,-165.41,
129,College,82,90,55.4,64.86,-147.8,
130,Novoagansk,77,64,57.4,61.94,76.66,
132,Provideniya,75,90,42.8,64.38,-173.3,
133,Huanren,47,100,84.11,41.26,125.37,
134,Hobyo,80,6,78.06,5.35,48.53,
135,Porto Santo,77,75,69.8,33.07,-16.34,
136,Wellington,76,100,50.0,-41.29,174.78,
137,Kloulklubed,88,90,78.8,7.04,134.26,
139,Shache,20,0,73.35,38.42,77.24,
140,Nenjiang,67,36,73.15,49.18,125.22,
142,Beloha,91,0,61.68,-25.17,45.05,
143,Nichinan,74,75,80.6,31.6,131.37,
144,Panjab,30,0,59.34,34.39,67.02,
145,Marzuq,48,72,80.76,14.4,46.47,
146,Oksfjord,75,45,46.4,70.24,22.35,
147,Mabaruma,95,14,73.94,8.2,-59.78,
148,Emerald,41,40,75.2,-23.53,148.17,
149,Aguimes,73,75,71.6,27.91,-15.45,
150,Vao,63,8,69.42,-22.67,167.48,
153,Alakurtti,69,69,54.0,66.97,30.35,
154,Severo-Kurilsk,58,92,55.35,50.68,156.12,
155,Port Elizabeth,58,19,57.2,-33.92,25.57,
156,Maldonado,87,40,46.4,-34.67,-54.92,
157,Barranca,83,92,62.44,-10.75,-77.77,
158,Laguna,40,1,73.99,38.42,-121.42,
159,Markova,100,12,60.8,48.68,24.41,
160,Aksarayskiy,60,59,69.8,46.79,48.01,
161,Samarai,85,94,78.67,-10.62,150.67,
162,Puerto Carreno,91,95,75.52,6.19,-67.49,
164,Arraial Do Cabo,74,68,69.55,-22.97,-42.03,
165,Trojes,82,38,66.2,41.76,19.96,
166,Mega,100,52,56.66,4.05,38.3,
168,Hay River,51,20,62.6,60.82,-115.8,
170,Boden,77,67,60.8,65.83,21.69,
171,Gerash,45,0,82.4,27.67,54.14,
172,Fairbanks,76,75,55.4,64.84,-147.72,
173,Torbay,93,90,63.0,47.67,-52.73,
174,Portland,75,69,66.99,45.52,-122.68,
175,Conde,90,11,72.63,-7.26,-34.91,
177,Taber,87,75,53.01,49.82,-112.15,
178,Kodinsk,59,91,76.19,58.69,99.18,
179,Quatre Cocos,87,2,69.01,-20.21,57.76,
180,Ostrovnoy,80,100,43.79,68.05,39.51,
181,Pietarsaari,63,8,62.01,63.65,22.68,
182,Bambous Virieux,87,1,69.01,-20.34,57.76,
183,Casma,93,100,44.6,-41.01,-73.12,
184,Waingapu,59,50,83.53,-9.66,120.26,
185,Ahipara,78,91,57.83,-35.17,173.17,
186,Marsa Matruh,82,40,68.0,31.35,27.25,
187,Petropavlovsk-Kamchatskiy,53,58,71.6,53.05,158.65,
188,Washington,43,43,68.0,47.5,-120.5,
189,Ayagoz,29,0,65.98,47.97,80.44,
190,Geraldton,64,75,68.0,-28.77,114.6,
191,San-Pedro,87,96,75.22,4.75,-6.64,
192,Katsuura,74,75,82.0,35.13,140.3,
193,Sao Filipe,77,1,75.45,14.9,-24.5,
194,Turukhansk,56,93,65.7,65.82,87.98,
195,Hargeysa,62,45,70.45,9.56,44.06,
196,Esperance,63,40,60.8,-33.87,121.9,
197,Svetlyy,100,40,62.6,54.67,20.13,
198,Veinticinco De Mayo,91,99,43.0,-35.43,-60.17,
199,Bundaberg,53,40,75.0,-24.85,152.35,
200,Vanavara,35,0,83.39,60.34,102.28,
201,Pingdu,88,90,68.0,36.78,119.95,
202,Price,18,1,80.6,39.6,-110.81,
203,Tuatapere,83,100,47.23,-46.13,167.68,
204,Corinto,51,0,75.0,37.94,22.96,
205,Port Blair,76,98,83.23,11.67,92.75,
206,Norman Wells,27,20,75.2,65.28,-126.83,
207,Vanersborg,93,85,55.4,58.38,12.32,
208,Susangerd,28,0,84.2,31.56,48.18,
209,Biak,75,100,80.42,-0.91,122.88,
210,Cherskiy,53,18,49.35,68.75,161.3,
211,Baruun-Urt,48,100,75.74,46.68,113.28,
212,Strezhevoy,87,75,53.6,60.73,77.59,
215,Alenquer,100,75,75.2,-1.94,-54.74,
216,Ohafia,98,100,71.29,5.62,7.83,
217,East London,58,0,58.39,-33.02,27.91,
218,Hovd,36,71,72.37,48.01,91.64,
219,Newport,84,62,59.0,51.59,-3.0,
222,Kutahya,93,0,55.4,39.42,29.98,
223,Bandarbeyla,67,76,81.23,9.49,50.81,
224,Lillooet,46,75,69.8,50.69,-121.94,
225,Port Macquarie,70,77,64.0,-31.43,152.92,
226,Tecpan,88,75,64.4,14.76,-90.99,
227,Eyl,68,18,81.0,7.98,49.82,
228,Claresholm,81,90,52.0,50.03,-113.59,
229,Vestmannaeyjar,94,100,51.1,63.44,-20.27,
230,Lasa,93,5,59.0,46.62,10.7,
231,Yulara,23,0,64.4,-25.24,130.99,
232,Beringovskiy,71,73,41.27,63.05,179.32,
234,Montes Altos,71,0,74.26,-5.83,-47.07,
237,Labytnangi,62,100,50.63,66.66,66.42,
238,Kamina,49,0,61.52,-8.74,24.99,
240,Lompoc,72,6,60.8,34.64,-120.46,
241,Bollnas,98,100,61.0,61.35,16.39,
242,Ponta Do Sol,73,20,69.8,32.67,-17.1,
243,Port Hardy,60,20,68.0,50.7,-127.42,
244,Broome,72,1,66.2,42.25,-75.83,
245,Bjelovar,93,0,66.2,45.9,16.85,
246,Mjolby,100,100,60.8,58.33,15.12,
247,Dustlik,23,0,70.86,40.52,68.04,
248,Kudahuvadhoo,74,16,83.53,2.67,72.89,
249,Kroya,74,13,82.56,-7.63,109.25,
250,Ilhabela,79,95,65.48,-23.78,-45.36,
251,Cabo San Lucas,65,75,82.0,22.89,-109.91,
252,Inirida,94,98,73.13,3.87,-67.92,
253,Kaa-Khem,48,2,74.05,51.68,94.73,
254,Atuona,76,3,80.47,-9.8,-139.03,
255,Boyolangu,77,73,80.01,-8.12,111.89,
260,Ketchikan,68,1,66.2,55.34,-131.65,
261,Richmond,78,75,79.0,37.55,-77.46,
263,Berlevag,75,40,42.8,70.86,29.09,
264,Bud,95,18,75.0,39.45,-86.18,
265,Lae,63,100,83.97,-6.72,146.98,
266,Mongagua,93,90,64.0,-24.09,-46.62,
268,Manaus,78,75,78.8,-3.1,-60.02,
269,Larsnes,89,100,55.99,62.2,5.58,
270,Hofn,74,100,52.47,64.25,-15.21,
271,Najran,25,40,77.0,17.49,44.13,
273,Merauke,77,99,81.18,-8.47,140.33,
275,North Bend,82,40,61.0,43.41,-124.22,
276,Karakol,57,13,50.02,42.49,78.39,
277,Grindavik,100,100,51.8,63.84,-22.43,
278,Moreira Sales,92,1,56.46,-24.06,-53.01,
279,Rocha,91,51,42.39,-34.48,-54.33,
280,Sitka,81,90,53.6,57.05,-135.33,
281,Santa Catalina,78,90,82.4,9.33,122.86,
282,Dalen,82,57,54.0,52.7,6.76,
283,Ankazoabo,77,0,61.54,-22.28,44.52,
284,Gonzaga,60,52,71.01,44.95,10.82,
285,Namibe,63,0,67.26,-15.2,12.15,
287,Walvis Bay,53,33,46.4,-22.96,14.51,
288,Greensboro,83,90,73.99,36.07,-79.79,
289,Sola,85,85,79.68,-13.88,167.55,
290,Ulsteinvik,87,90,57.2,62.34,5.85,
291,Bilibino,52,100,47.66,68.05,166.44,
292,Poum,61,1,72.48,-20.23,164.02,
294,Ponta Delgada,93,40,66.2,37.73,-25.67,
295,Chitipa,88,30,59.85,-9.7,33.27,
297,Omaruru,56,0,44.31,-21.43,15.93,
298,Sydney Mines,93,90,62.01,46.24,-60.22,
300,Kiunga,95,100,77.38,-6.12,141.29,
301,Rundu,48,0,46.85,-17.93,19.77,
303,Nipawin,82,90,64.4,53.37,-104.0,
305,Hasaki,57,75,82.0,35.73,140.83,
306,Christchurch,81,100,48.0,-43.53,172.63,
307,Esil,58,42,57.22,51.96,66.4,
308,Riviere-Au-Renard,100,90,57.2,49.0,-64.4,
309,Ozernovskiy,73,94,53.4,51.5,156.52,
310,Mahebourg,87,2,69.01,-20.41,57.7,
312,Farsund,83,100,62.01,58.09,6.8,
313,Katobu,75,22,83.05,-4.94,122.53,
314,Uvat,79,97,52.7,59.14,68.9,
316,Lake City,78,1,80.6,30.19,-82.64,
317,Barrow,70,1,44.6,71.29,-156.79,
318,Aswan,20,3,82.17,24.09,32.91,
319,Ribas Do Rio Pardo,94,10,63.52,-20.44,-53.76,
320,Nueva Loja,97,86,70.52,0.08,-76.88,
321,Kaitangata,66,73,51.01,-46.28,169.85,
322,Pisco,82,90,62.6,-13.7,-76.22,
324,Sobolevo,94,0,59.29,54.43,31.9,
325,Sistranda,93,75,59.0,63.73,8.83,
326,Evanton,93,87,55.0,57.66,-4.34,
327,Kupang,61,83,84.07,-10.17,123.58,
328,Husavik,76,63,48.2,66.04,-17.34,
329,Kumluca,43,0,80.92,36.37,30.29,
330,Korla,84,100,75.99,41.76,86.15,
331,Guerrero Negro,81,0,64.56,27.98,-114.06,
332,Sukhumi,80,88,71.01,43.0,41.02,
333,Tommot,32,37,83.01,58.96,126.29,
334,Roura,100,75,75.2,4.73,-52.33,
335,Moberly,80,42,81.0,39.42,-92.44,
336,Marsh Harbour,68,43,82.24,26.54,-77.06,
338,Tieli,63,0,74.66,46.95,128.05,
339,Preeceville,96,100,61.05,51.95,-102.67,
340,Rock Sound,76,12,82.04,24.9,-76.2,
341,Ponte De Sor,64,0,64.99,39.25,-8.01,
342,Dudinka,55,57,75.45,69.41,86.18,
343,San Andres,83,75,82.4,12.58,-81.7,
344,Antofagasta,82,90,57.2,-23.65,-70.4,
345,Ballina,68,90,66.99,-28.87,153.57,
347,Santa Cruz,93,90,59.0,-17.8,-63.17,
348,Huarmey,84,99,62.62,-10.07,-78.15,
349,Sinnamary,84,96,77.79,5.38,-52.95,
350,Ribeira Grande,94,6,67.26,38.52,-28.7,
351,Dunedin,80,99,51.01,-45.87,170.5,
352,Meulaboh,71,64,83.82,4.14,96.13,
353,Finschhafen,76,80,81.54,-6.6,147.87,
354,Tura,90,26,80.06,25.52,90.22,
355,Poplar Bluff,69,1,82.4,36.76,-90.39,
357,Assiniboia,82,81,58.78,49.63,-105.98,
359,Cloquet,72,1,69.01,46.72,-92.46,
360,Gomel,100,90,62.6,52.43,30.98,
361,Xaxim,74,15,55.99,-26.96,-52.53,
362,Kampong Thum,75,79,84.92,12.71,104.89,
363,Ayan,84,15,49.82,56.45,138.17,
364,San Patricio,80,100,80.24,19.22,-104.7,
365,Chardara,23,7,70.81,41.25,67.97,
367,Kushima,83,90,80.6,31.46,131.23,
368,Saint-Denis,82,75,61.0,48.92,2.33,
370,Khunti,74,94,80.62,23.08,85.28,
374,Akhtanizovskaya,77,0,62.6,45.32,37.1,
375,Moose Factory,93,1,60.8,51.26,-80.61,
376,Nautla,76,32,81.3,20.22,-96.78,
377,Mackay,68,40,73.0,-21.15,149.2,
378,Erseke,79,0,58.87,40.34,20.68,
379,Orlik,57,77,64.94,52.52,99.83,
381,Te Anau,84,62,44.02,-45.42,167.72,
383,Hukuntsi,62,0,42.4,-24.0,21.75,
384,Salinopolis,84,90,79.25,-0.61,-47.36,
385,Evensk,72,82,53.35,61.95,159.23,
386,Tarn Taran,78,90,80.6,31.45,74.93,
387,Vallenar,58,100,58.93,-28.57,-70.76,
388,Bilma,16,0,82.42,18.69,12.92,
389,Arrifes,93,40,66.2,37.77,-25.7,
390,Ossora,61,84,59.38,59.24,163.07,
391,North Platte,65,1,80.01,41.12,-100.77,
393,Labuhan,68,2,83.62,-6.88,112.21,
394,Mount Gambier,62,27,53.6,-37.83,140.77,
396,Manado,78,75,81.81,1.49,124.85,
397,Srandakan,70,14,83.44,-7.94,110.25,
398,Ekhabi,82,93,52.07,53.51,142.97,
399,Talara,87,12,64.42,-4.58,-81.27,
400,Havoysund,81,75,42.8,71.0,24.66,
401,Porto Novo,88,40,78.8,6.5,2.6,
402,Sept-Iles,87,75,60.01,50.2,-66.38,
404,Ruteng,71,60,73.6,-8.61,120.47,
406,Coahuayana,84,80,78.76,18.73,-103.68,
407,Kautokeino,72,10,50.47,69.01,23.04,
408,Kamenka,90,100,64.99,51.32,42.77,
409,Saint-Pierre,68,8,68.0,-21.34,55.48,
410,Umba,79,53,48.54,66.69,34.34,
411,Wamba,93,100,71.6,8.93,8.6,
412,Mamou,96,100,70.77,10.5,-12.0,
413,Nitra,88,0,70.0,48.31,18.08,
414,Waitati,78,100,51.01,-45.75,170.57,
415,Itarema,83,3,77.94,-2.92,-39.92,
416,Krasnoselkup,62,86,61.03,65.7,82.47,
417,Fortuna,76,75,57.99,40.6,-124.16,
420,Uglich,75,0,49.26,57.53,38.33,
421,Eregli,67,0,64.22,37.51,34.05,
422,Yako,61,100,78.53,12.97,-2.27,
423,Tuy Hoa,65,100,83.91,13.08,109.3,
424,Shingu,57,75,80.6,33.73,135.98,
425,Kijang,69,90,78.8,35.24,129.21,
426,Eydhafushi,79,18,82.58,5.1,73.07,
430,Batagay,45,92,72.52,67.63,134.63,
431,San Mateo Del Mar,73,93,83.3,16.2,-95.0,
432,Praia,78,20,75.2,14.92,-23.51,
433,Suciu De Sus,93,47,66.2,47.43,24.03,
434,Dalby,45,40,62.6,-27.18,151.27,
435,Villa Bruzual,95,100,72.75,9.33,-69.12,
436,Goundi,82,100,75.67,9.36,17.37,
437,Kalemie,62,92,70.52,-5.95,29.19,
438,Bandrele,83,50,75.2,-12.91,45.19,
439,Nhulunbuy,45,40,84.2,-12.23,136.77,
440,Inhambane,79,3,70.0,-23.86,35.38,
441,Culebra,78,1,82.4,18.3,-65.3,
442,Sheltozero,72,1,52.11,61.37,35.37,
443,Asyut,57,0,75.2,27.18,31.18,
444,Wajima,73,75,71.6,37.4,136.9,
445,Wanaka,83,98,41.04,-44.7,169.15,
446,Seymchan,75,100,61.92,62.88,152.43,
447,Tsabong,72,0,41.95,-26.02,22.4,
448,Lafia,93,98,71.67,8.48,8.52,
449,Camacha,77,75,69.8,33.08,-16.33,
450,Sneek,82,96,60.01,53.03,5.66,
451,Lodja,86,2,70.86,-3.48,23.43,
452,Puerto Padre,88,20,80.6,21.2,-76.6,
453,Fort Nelson,63,75,62.6,58.81,-122.7,
454,Carutapera,92,77,75.43,-1.2,-46.02,
455,Lilongwe,60,2,62.51,-13.97,33.79,
457,Cayenne,100,75,75.2,4.93,-52.33,
458,Saldanha,93,60,50.0,-33.01,17.94,
459,Kuandian,72,100,76.64,40.73,124.78,
460,Tateyama,61,40,82.0,34.98,139.87,
461,Toora-Khem,66,97,67.01,52.47,96.11,
462,Tautira,57,40,80.6,-17.73,-149.15,
463,Aklavik,37,20,66.2,68.22,-135.01,
464,San Vicente,99,33,52.21,-26.62,-54.13,
465,Goderich,82,0,66.0,43.75,-81.72,
466,Jimenez,39,75,78.8,28.33,-105.4,
467,Ngorongoro,100,95,50.25,-3.24,35.49,
468,Venezuela,77,91,80.15,8.0,-66.0,
470,Byron Bay,68,90,66.99,-28.65,153.62,
471,Obo,94,85,67.77,5.4,26.49,
472,Presidencia Roque Saenz Pena,88,100,49.91,-26.79,-60.44,
473,Sebezh,84,0,63.28,56.3,28.47,
474,La Ronge,72,75,64.4,55.1,-105.28,
475,Ipixuna,88,75,77.0,-1.76,-48.8,
476,Edendale,82,1,48.99,-29.65,30.31,
477,Chara,43,100,73.83,56.91,118.26,
478,Mandera,69,4,77.61,3.94,41.87,
479,Malinovoye Ozero,29,6,71.01,51.68,79.78,
480,Gat,90,6,73.0,31.61,34.76,
481,Bulawayo,40,0,50.4,-20.15,28.58,
482,Fort Frances,68,1,75.99,48.6,-93.4,
483,Zarinsk,70,100,62.82,53.71,84.95,
485,Clonakilty,71,75,52.0,51.62,-8.87,
486,Pinotepa Nacional,84,47,76.53,16.32,-98.02,
487,Yaan,96,100,71.83,7.38,8.57,
488,Huntington,94,75,73.0,38.42,-82.45,
489,Praya,78,20,75.2,14.92,-23.51,
490,Tumut,55,1,57.22,-35.3,148.22,
492,Kenai,71,90,57.2,60.55,-151.26,
493,Nouadhibou,83,3,69.8,20.93,-17.03,
494,Gravdal,81,47,51.28,68.12,13.5,
495,Baracoa,85,23,80.1,20.35,-74.5,
498,Yekimovichi,94,0,59.59,54.11,33.3,
499,Bubaque,82,0,80.96,11.28,-15.83,
500,Jacqueville,94,75,77.0,5.21,-4.41,
501,Belyy Yar,82,40,59.0,53.6,91.39,
502,Msanga,94,89,59.76,-6.05,36.03,
503,Maniitsoq,89,99,40.98,65.42,-52.9,
504,Hervey Bay,73,14,69.01,-25.3,152.85,
505,Braganca,98,72,72.84,-1.05,-46.77,
506,Spasskoye,88,99,64.56,44.61,132.8,
507,Biala Podlaska,93,51,64.4,52.03,23.12,
508,Kilindoni,83,70,76.93,-7.91,39.67,
509,Kallithea,38,0,77.0,37.95,23.7,
510,Olafsvik,81,100,51.33,64.89,-23.71,
511,Alofi,74,34,80.6,-19.06,-169.92,
512,Goure,52,69,84.0,13.98,10.27,
513,Olga,77,98,60.1,43.74,135.29,
514,Poquoson,88,1,82.0,37.12,-76.35,
515,Amarkantak,66,23,81.41,22.67,81.75,
516,Synya,93,100,40.5,65.37,58.04,
517,Ginir,88,24,56.91,7.13,40.7,
518,Chimbote,85,96,62.85,-9.09,-78.58,
519,Menongue,57,0,46.99,-14.66,17.69,
520,Blagaj,82,0,64.4,43.26,17.89,
521,Dandong,61,100,79.75,40.13,124.39,
523,Ola,77,25,53.65,59.58,151.28,
524,Pokhara,76,93,78.12,28.23,83.98,
525,Bismarck,88,75,69.8,46.81,-100.78,
526,Paso De Los Toros,81,37,44.56,-32.82,-56.52,
527,Ko Samui,75,100,83.16,9.54,99.94,
528,Madarounfa,61,7,83.46,13.31,7.16,
530,Atambua,55,100,82.13,-9.11,124.89,
531,Lagos,94,20,75.2,6.58,3.75,
532,Moerai,69,13,68.99,-22.43,-151.33,
533,Belize,84,70,80.01,17.25,-88.75,
534,Flinders,70,70,64.0,-34.58,150.86,
535,Vaasa,72,26,64.0,63.1,21.62,
536,Aipe,74,96,75.99,3.22,-75.24,
537,Kabo,96,100,71.38,7.7,18.63,
538,San Cristobal,84,100,65.34,7.77,-72.22,
539,Concepcion Del Oro,51,84,71.17,24.63,-101.42,
540,Liwale,93,55,65.55,-9.77,37.93,
542,Nicoya,92,91,74.7,10.15,-85.45,
543,Terrace,33,75,77.0,54.52,-128.6,
544,Marystown,91,100,57.2,47.17,-55.15,Marystown Hotel & Convention Centre
